function [ value ] =func2( t1,t2 )
%
L=50000;
value=abs((L-250*(t1+t2))^2+15000^2-30000*(L-250*(t1+t2))*(((0.5-2.4*t1)*pi-(0.5-2.4*t1)^3*(6*pi^3)*pi/180)));

end

